<?xml version="1.0" encoding="UTF-8" standalone="no" ?>
<COLLADA xmlns="http://www.collada.org/2005/11/COLLADASchema" version="1.4.1">
    <asset>
        <contributor>
            <authoring_tool>SketchUp 17.3.116</authoring_tool>
        </contributor>
        <created>2020-03-25T20:10:46Z</created>
        <modified>2020-03-25T20:10:46Z</modified>
        <unit meter="0.0254000" name="inch" />
        <up_axis>Z_UP</up_axis>
    </asset>
    <library_cameras>
        <camera id="ID1" name="skp_camera_Last_Saved_SketchUp_View">
            <optics>
                <technique_common>
                    <perspective>
                        <yfov>35.0000000</yfov>
                        <aspect_ratio>0.0000000</aspect_ratio>
                        <znear>1.0000000</znear>
                        <zfar>1000.0000000</zfar>
                    </perspective>
                </technique_common>
            </optics>
        </camera>
    </library_cameras>
    <library_visual_scenes>
        <visual_scene id="ID2">
            <node name="SketchUp">
                <node name="skp_camera_Last_Saved_SketchUp_View">
                    <matrix>-0.8692933 0.3650878 -0.3332267 -498.7875366 -0.4942966 -0.6420606 0.5860282 -801.9545288 -0.0000000 0.6741433 0.7386006 173.6459656 0.0000000 0.0000000 0.0000000 1.0000000</matrix>
                    <instance_camera url="#ID1" />
                </node>
                <node id="ID3" name="instance_0">
                    <matrix>1.0000000 0.0000000 0.0000000 -441.0518689 0.0000000 1.0000000 0.0000000 -850.8880698 0.0000000 0.0000000 1.0000000 0.0000000 0.0000000 0.0000000 0.0000000 1.0000000</matrix>
                    <instance_node url="#ID4" />
                </node>
            </node>
        </visual_scene>
    </library_visual_scenes>
    <library_nodes>
        <node id="ID4" name="Component_2__16">
            <node id="ID5" name="instance_1">
                <matrix>1.0000000 0.0000000 0.0000000 -3.9133596 0.0000000 1.0000000 0.0000000 -1.4892835 0.0000000 0.0000000 1.0000000 -0.0000000 0.0000000 0.0000000 0.0000000 1.0000000</matrix>
                <instance_node url="#ID6" />
            </node>
        </node>
        <node id="ID6" name="Component_18">
            <node id="ID7" name="group_0">
                <matrix>1.0000000 0.0000000 0.0000000 -79.8904282 0.0000000 1.0000000 0.0000000 -79.8904282 0.0000000 0.0000000 1.0000000 -79.8904282 0.0000000 0.0000000 0.0000000 1.0000000</matrix>
                <node id="ID8" name="group_1">
                    <matrix>1.0000000 0.0000000 0.0000000 0.0000000 0.0000000 1.0000000 0.0000000 0.0000000 0.0000000 0.0000000 1.0000000 0.0000000 0.0000000 0.0000000 0.0000000 1.0000000</matrix>
                    <instance_geometry url="#ID9">
                        <bind_material>
                            <technique_common>
                                <instance_material symbol="Material2" target="#ID10">
                                    <bind_vertex_input semantic="UVSET0" input_semantic="TEXCOORD" input_set="0" />
                                </instance_material>
                            </technique_common>
                        </bind_material>
                    </instance_geometry>
                    <instance_geometry url="#ID22">
                        <bind_material>
                            <technique_common>
                                <instance_material symbol="Material2" target="#ID10">
                                    <bind_vertex_input semantic="UVSET0" input_semantic="TEXCOORD" input_set="0" />
                                </instance_material>
                                <instance_material symbol="Material3" target="#ID24">
                                    <bind_vertex_input semantic="UVSET0" input_semantic="TEXCOORD" input_set="0" />
                                </instance_material>
                            </technique_common>
                        </bind_material>
                    </instance_geometry>
                </node>
                <node id="ID32" name="instance_2">
                    <matrix>1.0000000 0.0000000 0.0000000 -0.0000000 0.0000000 1.0000000 0.0000000 53.2602855 0.0000000 0.0000000 1.0000000 96.3487615 0.0000000 0.0000000 0.0000000 1.0000000</matrix>
                    <instance_node url="#ID33" />
                </node>
                <node id="ID55" name="instance_12">
                    <matrix>0.0000000 -0.0000000 -1.0000000 63.4320949 1.0000000 0.0000000 0.0000000 -0.0000000 0.0000000 -1.0000000 0.0000000 106.5205709 0.0000000 0.0000000 0.0000000 1.0000000</matrix>
                    <instance_node url="#ID33" />
                </node>
                <node id="ID56" name="instance_13">
                    <matrix>0.0000000 1.0000000 0.0000000 53.2602855 -0.0000000 0.0000000 -1.0000000 63.4320949 -1.0000000 0.0000000 0.0000000 159.7808564 0.0000000 0.0000000 0.0000000 1.0000000</matrix>
                    <instance_node url="#ID33" />
                </node>
                <node id="ID57" name="instance_14">
                    <matrix>0.5000000 -0.3090170 0.8090170 61.4894521 -0.3090170 0.8090170 0.5000000 91.2628568 -0.8090170 -0.5000000 0.3090170 162.9241184 0.0000000 0.0000000 0.0000000 1.0000000</matrix>
                    <instance_node url="#ID33" />
                </node>
                <node id="ID58" name="instance_15">
                    <matrix>0.5000000 -0.3090170 -0.8090170 34.8593094 -0.3090170 0.8090170 -0.5000000 74.8045235 0.8090170 0.5000000 0.3090170 7.0285474 0.0000000 0.0000000 0.0000000 1.0000000</matrix>
                    <instance_node url="#ID33" />
                </node>
                <node id="ID59" name="instance_16">
                    <matrix>0.0000000 -0.0000000 -1.0000000 63.4320949 -1.0000000 0.0000000 -0.0000000 159.7808564 0.0000000 1.0000000 -0.0000000 53.2602855 0.0000000 0.0000000 0.0000000 1.0000000</matrix>
                    <instance_node url="#ID33" />
                </node>
                <node id="ID60" name="instance_17">
                    <matrix>-0.8090170 -0.5000000 -0.3090170 152.7523090 -0.5000000 0.3090170 0.8090170 124.9215470 -0.3090170 0.8090170 -0.5000000 74.8045235 0.0000000 0.0000000 0.0000000 1.0000000</matrix>
                    <instance_node url="#ID33" />
                </node>
                <node id="ID61" name="instance_18">
                    <matrix>-0.3090170 0.8090170 0.5000000 91.2628568 0.8090170 0.5000000 -0.3090170 -3.1432620 -0.5000000 0.3090170 -0.8090170 98.2914043 0.0000000 0.0000000 0.0000000 1.0000000</matrix>
                    <instance_node url="#ID33" />
                </node>
                <node id="ID62" name="instance_19">
                    <matrix>-0.8090170 0.5000000 0.3090170 136.2939756 -0.5000000 -0.3090170 -0.8090170 114.7497376 -0.3090170 -0.8090170 0.5000000 134.3513329 0.0000000 0.0000000 0.0000000 1.0000000</matrix>
                    <instance_node url="#ID33" />
                </node>
                <node id="ID63" name="instance_20">
                    <matrix>0.3090170 -0.8090170 0.5000000 84.9763329 -0.8090170 -0.5000000 -0.3090170 152.7523090 0.5000000 -0.3090170 -0.8090170 34.8593094 0.0000000 0.0000000 0.0000000 1.0000000</matrix>
                    <instance_node url="#ID33" />
                </node>
                <node id="ID64" name="instance_21">
                    <matrix>-0.5000000 -0.3090170 -0.8090170 114.7497376 0.3090170 0.8090170 -0.5000000 25.4295235 0.8090170 -0.5000000 -0.3090170 23.4868808 0.0000000 0.0000000 0.0000000 1.0000000</matrix>
                    <instance_node url="#ID33" />
                </node>
                <node id="ID65" name="instance_22">
                    <matrix>-0.8090170 -0.5000000 0.3090170 162.9241184 -0.5000000 0.3090170 -0.8090170 98.2914043 0.3090170 -0.8090170 -0.5000000 68.5179996 0.0000000 0.0000000 0.0000000 1.0000000</matrix>
                    <instance_node url="#ID33" />
                </node>
                <node id="ID66" name="instance_23">
                    <matrix>-0.4635255 1.2135255 0.7500000 120.7757357 1.2135255 0.7500000 -0.4635255 1.9281949 -0.7500000 0.4635255 -1.2135255 88.2988592 0.0000000 0.0000000 0.0000000 1.0000000</matrix>
                    <instance_node url="#ID37" />
                </node>
                <node id="ID67" name="instance_24">
                    <matrix>0.3090170 -0.8090170 -0.5000000 141.8620000 0.8090170 0.5000000 -0.3090170 8.6732238 0.5000000 -0.3090170 0.8090170 90.9884144 0.0000000 0.0000000 0.0000000 1.0000000</matrix>
                    <instance_node url="#ID68" />
                </node>
                <node id="ID105" name="instance_26">
                    <matrix>-0.8090170 -0.5000000 -0.3090170 151.1076326 0.5000000 -0.3090170 -0.8090170 90.9884144 0.3090170 -0.8090170 0.5000000 141.8620000 0.0000000 0.0000000 0.0000000 1.0000000</matrix>
                    <instance_node url="#ID68" />
                </node>
                <node id="ID106" name="instance_27">
                    <matrix>-0.8090170 0.5000000 0.3090170 61.9335093 -0.5000000 -0.3090170 -0.8090170 123.9050811 -0.3090170 -0.8090170 0.5000000 162.2056188 0.0000000 0.0000000 0.0000000 1.0000000</matrix>
                    <instance_node url="#ID68" />
                </node>
                <node id="ID107" name="instance_28">
                    <matrix>0.3090170 0.8090170 0.5000000 -2.4247624 -0.8090170 0.5000000 -0.3090170 61.9335093 -0.5000000 -0.3090170 0.8090170 123.9050811 0.0000000 0.0000000 0.0000000 1.0000000</matrix>
                    <instance_node url="#ID68" />
                </node>
                <node id="ID108" name="instance_29">
                    <matrix>-0.5000000 0.3090170 -0.8090170 68.7924420 -0.3090170 0.8090170 0.5000000 17.9188563 0.8090170 0.5000000 -0.3090170 8.6732238 0.0000000 0.0000000 0.0000000 1.0000000</matrix>
                    <instance_node url="#ID68" />
                </node>
                <node id="ID109" name="instance_30">
                    <matrix>-0.3090170 0.8090170 -0.5000000 17.9188563 0.8090170 0.5000000 0.3090170 8.6732238 0.5000000 -0.3090170 -0.8090170 90.9884144 0.0000000 0.0000000 0.0000000 1.0000000</matrix>
                    <instance_node url="#ID68" />
                </node>
                <node id="ID110" name="instance_31">
                    <matrix>-0.5000000 0.3090170 0.8090170 68.7924420 -0.3090170 0.8090170 -0.5000000 17.9188563 -0.8090170 -0.5000000 -0.3090170 151.1076326 0.0000000 0.0000000 0.0000000 1.0000000</matrix>
                    <instance_node url="#ID68" />
                </node>
                <node id="ID111" name="instance_32">
                    <matrix>0.5000000 0.3090170 0.8090170 35.8757753 0.3090170 0.8090170 -0.5000000 -2.4247624 -0.8090170 0.5000000 0.3090170 61.9335093 0.0000000 0.0000000 0.0000000 1.0000000</matrix>
                    <instance_node url="#ID68" />
                </node>
                <node id="ID112" name="instance_33">
                    <matrix>0.0000000 0.0000000 1.0000000 79.8904282 1.0000000 -0.0000000 -0.0000000 46.9737615 0.0000000 1.0000000 -0.0000000 -9.2836952 0.0000000 0.0000000 0.0000000 1.0000000</matrix>
                    <instance_node url="#ID68" />
                </node>
                <node id="ID113" name="instance_34">
                    <matrix>-0.0000000 0.0000000 -1.0000000 79.8904282 -1.0000000 -0.0000000 0.0000000 112.8070949 -0.0000000 1.0000000 0.0000000 -9.2836952 0.0000000 0.0000000 0.0000000 1.0000000</matrix>
                    <instance_node url="#ID68" />
                </node>
                <node id="ID114" name="instance_35">
                    <matrix>0.8090170 -0.5000000 0.3090170 97.8473471 0.5000000 0.3090170 -0.8090170 35.8757753 0.3090170 0.8090170 0.5000000 -2.4247624 0.0000000 0.0000000 0.0000000 1.0000000</matrix>
                    <instance_node url="#ID68" />
                </node>
                <node id="ID115" name="instance_36">
                    <matrix>0.5000000 -0.3090170 0.8090170 90.9884144 0.3090170 -0.8090170 -0.5000000 141.8620000 0.8090170 0.5000000 -0.3090170 8.6732238 0.0000000 0.0000000 0.0000000 1.0000000</matrix>
                    <instance_node url="#ID68" />
                </node>
                <node id="ID116" name="instance_37">
                    <matrix>-0.5000000 -0.3090170 -0.8090170 123.9050811 -0.3090170 -0.8090170 0.5000000 162.2056188 -0.8090170 0.5000000 0.3090170 61.9335093 0.0000000 0.0000000 0.0000000 1.0000000</matrix>
                    <instance_node url="#ID68" />
                </node>
                <node id="ID117" name="instance_38">
                    <matrix>-1.0000000 0.0000000 -0.0000000 112.8070949 -0.0000000 -1.0000000 0.0000000 169.0645515 -0.0000000 0.0000000 1.0000000 79.8904282 0.0000000 0.0000000 0.0000000 1.0000000</matrix>
                    <instance_node url="#ID68" />
                </node>
                <node id="ID118" name="instance_39">
                    <matrix>0.5000000 0.3090170 -0.8090170 35.8757753 -0.3090170 -0.8090170 -0.5000000 162.2056188 -0.8090170 0.5000000 -0.3090170 61.9335093 0.0000000 0.0000000 0.0000000 1.0000000</matrix>
                    <instance_node url="#ID68" />
                </node>
                <node id="ID119" name="instance_40">
                    <matrix>-0.3090170 0.8090170 -0.5000000 17.9188563 -0.8090170 -0.5000000 -0.3090170 151.1076326 -0.5000000 0.3090170 0.8090170 68.7924420 0.0000000 0.0000000 0.0000000 1.0000000</matrix>
                    <instance_node url="#ID68" />
                </node>
                <node id="ID120" name="instance_41">
                    <matrix>-0.5000000 0.3090170 -0.8090170 68.7924420 0.3090170 -0.8090170 -0.5000000 141.8620000 -0.8090170 -0.5000000 0.3090170 151.1076326 0.0000000 0.0000000 0.0000000 1.0000000</matrix>
                    <instance_node url="#ID68" />
                </node>
                <node id="ID121" name="instance_42">
                    <matrix>-0.3090170 -0.8090170 -0.5000000 162.2056188 0.8090170 -0.5000000 0.3090170 97.8473471 -0.5000000 -0.3090170 0.8090170 123.9050811 0.0000000 0.0000000 0.0000000 1.0000000</matrix>
                    <instance_node url="#ID68" />
                </node>
                <node id="ID122" name="instance_43">
                    <matrix>0.3090170 -0.8090170 0.5000000 141.8620000 -0.8090170 -0.5000000 -0.3090170 151.1076326 0.5000000 -0.3090170 -0.8090170 90.9884144 0.0000000 0.0000000 0.0000000 1.0000000</matrix>
                    <instance_node url="#ID68" />
                </node>
                <node id="ID123" name="instance_44">
                    <matrix>-0.3090170 -0.8090170 0.5000000 162.2056188 -0.8090170 0.5000000 0.3090170 61.9335093 -0.5000000 -0.3090170 -0.8090170 123.9050811 0.0000000 0.0000000 0.0000000 1.0000000</matrix>
                    <instance_node url="#ID68" />
                </node>
            </node>
        </node>
        <node id="ID33" name="Component_17">
            <node id="ID34" name="group_2">
                <matrix>1.0000000 0.0000000 0.0000000 0.0000000 0.0000000 1.0000000 0.0000000 0.0000000 0.0000000 0.0000000 1.0000000 0.0000000 0.0000000 0.0000000 0.0000000 1.0000000</matrix>
                <node id="ID35" name="group_3">
                    <matrix>1.0000000 0.0000000 0.0000000 0.0000000 0.0000000 1.0000000 0.0000000 0.0000000 0.0000000 0.0000000 1.0000000 0.0000000 0.0000000 0.0000000 0.0000000 1.0000000</matrix>
                </node>
            </node>
            <node id="ID36" name="instance_3">
                <matrix>1.5000000 -0.0000000 0.0000000 -0.0208138 0.0000000 1.5000000 0.0000000 23.3242828 -0.0000000 -0.0000000 1.5000000 21.2734118 0.0000000 0.0000000 0.0000000 1.0000000</matrix>
                <instance_node url="#ID37" />
            </node>
            <node id="ID50" name="instance_7">
                <matrix>1.4095129 -0.0000000 -0.5131017 -7.8433481 0.0000000 1.5000000 0.0000000 23.3242828 0.5131017 -0.0000000 1.4095129 -8.4428148 0.0000000 0.0000000 0.0000000 1.0000000</matrix>
                <instance_node url="#ID37" />
            </node>
            <node id="ID51" name="instance_8">
                <matrix>0.9817628 0.7500000 -0.8506714 4.7824508 -1.1198644 0.4635255 -0.8837691 62.9907733 -0.1790126 1.2135255 0.8633136 11.9861569 0.0000000 0.0000000 0.0000000 1.0000000</matrix>
                <instance_node url="#ID37" />
            </node>
            <node id="ID52" name="instance_9">
                <matrix>0.2896485 0.4635255 -1.3968707 28.5172824 -0.6921143 -1.2135255 -0.5461993 52.4081082 -1.2988770 0.7500000 -0.0204555 50.3899213 0.0000000 0.0000000 0.0000000 1.0000000</matrix>
                <instance_node url="#ID37" />
            </node>
            <node id="ID53" name="instance_10">
                <matrix>0.2896485 -0.4635255 -1.3968707 30.5604162 0.6921143 -1.2135255 0.5461993 6.2011710 -1.2988770 -0.7500000 -0.0204555 53.6957812 0.0000000 0.0000000 0.0000000 1.0000000</matrix>
                <instance_node url="#ID37" />
            </node>
            <node id="ID54" name="instance_11">
                <matrix>0.9817628 -0.7500000 -0.8506714 8.0883107 1.1198644 0.4635255 0.8837691 -11.7736216 -0.1790126 -1.2135255 0.8633136 17.3351507 0.0000000 0.0000000 0.0000000 1.0000000</matrix>
                <instance_node url="#ID37" />
            </node>
        </node>
        <node id="ID37" name="Component_15">
            <node id="ID38" name="instance_4">
                <matrix>-0.0000000 0.4570642 -0.8894337 11.1783067 -1.0000000 -0.0000000 0.0000000 3.2861051 -0.0000000 0.8894337 0.4570642 -0.4643717 0.0000000 0.0000000 0.0000000 1.0000000</matrix>
                <instance_node url="#ID39" />
            </node>
            <node id="ID48" name="instance_5">
                <matrix>-0.4552965 -0.3290803 -0.8272915 12.5217921 0.5000000 -0.8633324 0.0682436 2.5971044 -0.7366852 -0.3825747 0.5576123 1.7094334 0.0000000 0.0000000 0.0000000 1.0000000</matrix>
                <instance_node url="#ID39" />
            </node>
            <node id="ID49" name="instance_6">
                <matrix>0.4552965 -0.3290803 -0.8272915 11.5363498 0.5000000 0.8633324 -0.0682436 0.7285104 0.7366852 -0.3825747 0.5576123 0.1149542 0.0000000 0.0000000 0.0000000 1.0000000</matrix>
                <instance_node url="#ID39" />
            </node>
        </node>
        <node id="ID39" name="Component_14">
            <instance_geometry url="#ID40">
                <bind_material>
                    <technique_common>
                        <instance_material symbol="Material2" target="#ID41">
                            <bind_vertex_input semantic="UVSET0" input_semantic="TEXCOORD" input_set="0" />
                        </instance_material>
                    </technique_common>
                </bind_material>
            </instance_geometry>
        </node>
        <node id="ID68" name="Component_16">
            <instance_geometry url="#ID71">
                <bind_material>
                    <technique_common>
                        <instance_material symbol="Material2" target="#ID24">
                            <bind_vertex_input semantic="UVSET0" input_semantic="TEXCOORD" input_set="0" />
                        </instance_material>
                        <instance_material symbol="Material3" target="#ID75">
                            <bind_vertex_input semantic="UVSET0" input_semantic="TEXCOORD" input_set="0" />
                        </instance_material>
                    </technique_common>
                </bind_material>
            </instance_geometry>
            <instance_geometry url="#ID79">
                <bind_material>
                    <technique_common>
                        <instance_material symbol="Material2" target="#ID24">
                            <bind_vertex_input semantic="UVSET0" input_semantic="TEXCOORD" input_set="0" />
                        </instance_material>
                        <instance_material symbol="Material3" target="#ID75">
                            <bind_vertex_input semantic="UVSET0" input_semantic="TEXCOORD" input_set="0" />
                        </instance_material>
                    </technique_common>
                </bind_material>
            </instance_geometry>
            <instance_geometry url="#ID85">
                <bind_material>
                    <technique_common>
                        <instance_material symbol="Material2" target="#ID24">
                            <bind_vertex_input semantic="UVSET0" input_semantic="TEXCOORD" input_set="0" />
                        </instance_material>
                        <instance_material symbol="Material3" target="#ID75">
                            <bind_vertex_input semantic="UVSET0" input_semantic="TEXCOORD" input_set="0" />
                        </instance_material>
                    </technique_common>
                </bind_material>
            </instance_geometry>
            <instance_geometry url="#ID91">
                <bind_material>
                    <technique_common>
                        <instance_material symbol="Material2" target="#ID24">
                            <bind_vertex_input semantic="UVSET0" input_semantic="TEXCOORD" input_set="0" />
                        </instance_material>
                        <instance_material symbol="Material3" target="#ID75">
                            <bind_vertex_input semantic="UVSET0" input_semantic="TEXCOORD" input_set="0" />
                        </instance_material>
                    </technique_common>
                </bind_material>
            </instance_geometry>
            <instance_geometry url="#ID97">
                <bind_material>
                    <technique_common>
                        <instance_material symbol="Material2" target="#ID24">
                            <bind_vertex_input semantic="UVSET0" input_semantic="TEXCOORD" input_set="0" />
                        </instance_material>
                        <instance_material symbol="Material3" target="#ID101">
                            <bind_vertex_input semantic="UVSET0" input_semantic="TEXCOORD" input_set="0" />
                        </instance_material>
                    </technique_common>
                </bind_material>
            </instance_geometry>
            <node id="ID69" name="group_4">
                <matrix>1.0000000 0.0000000 0.0000000 0.0000000 0.0000000 1.0000000 0.0000000 9.2836952 0.0000000 0.0000000 1.0000000 0.0000000 0.0000000 0.0000000 0.0000000 1.0000000</matrix>
            </node>
            <node id="ID70" name="instance_25">
                <matrix>0.7250758 -0.4002725 1.2506187 26.4757357 1.3020040 0.4045874 -0.6253756 7.4880705 -0.1704426 1.3878368 0.5430086 26.6653362 0.0000000 0.0000000 0.0000000 1.0000000</matrix>
                <instance_node url="#ID37" />
            </node>
        </node>
    </library_nodes>
    <library_geometries>
        <geometry id="ID9">
            <mesh>
                <source id="ID15">
                    <float_array id="ID19" count="360">106.5205709 112.8070949 10.1718094 149.6090470 106.5205709 46.9737615 133.1507137 96.3487615 20.3436188 139.4372376 133.1507137 63.4320949 96.3487615 139.4372376 26.6301427 112.8070949 149.6090470 53.2602855 112.8070949 149.6090470 53.2602855 96.3487615 139.4372376 26.6301427 139.4372376 133.1507137 63.4320949 106.5205709 112.8070949 10.1718094 149.6090470 106.5205709 46.9737615 133.1507137 96.3487615 20.3436188 63.4320949 139.4372376 26.6301427 46.9737615 149.6090470 53.2602855 96.3487615 159.7808564 79.8904282 63.4320949 159.7808564 79.8904282 63.4320949 159.7808564 79.8904282 46.9737615 149.6090470 53.2602855 96.3487615 159.7808564 79.8904282 63.4320949 139.4372376 26.6301427 139.4372376 133.1507137 96.3487615 112.8070949 149.6090470 106.5205709 112.8070949 149.6090470 106.5205709 139.4372376 133.1507137 96.3487615 149.6090470 106.5205709 112.8070949 159.7808564 79.8904282 63.4320949 159.7808564 79.8904282 96.3487615 149.6090470 106.5205709 112.8070949 159.7808564 79.8904282 63.4320949 159.7808564 79.8904282 96.3487615 133.1507137 63.4320949 20.3436188 149.6090470 53.2602855 46.9737615 133.1507137 63.4320949 20.3436188 149.6090470 53.2602855 46.9737615 79.8904282 96.3487615 0.0000000 106.5205709 46.9737615 10.1718094 79.8904282 63.4320949 0.0000000 106.5205709 46.9737615 10.1718094 79.8904282 96.3487615 0.0000000 79.8904282 63.4320949 0.0000000 53.2602855 112.8070949 10.1718094 53.2602855 112.8070949 10.1718094 26.6301427 96.3487615 20.3436188 20.3436188 133.1507137 63.4320949 10.1718094 106.5205709 46.9737615 26.6301427 96.3487615 20.3436188 20.3436188 133.1507137 63.4320949 10.1718094 106.5205709 46.9737615 20.3436188 133.1507137 96.3487615 46.9737615 149.6090470 106.5205709 46.9737615 149.6090470 106.5205709 20.3436188 133.1507137 96.3487615 96.3487615 139.4372376 133.1507137 63.4320949 139.4372376 133.1507137 63.4320949 139.4372376 133.1507137 96.3487615 139.4372376 133.1507137 133.1507137 96.3487615 139.4372376 106.5205709 112.8070949 149.6090470 106.5205709 112.8070949 149.6090470 133.1507137 96.3487615 139.4372376 149.6090470 53.2602855 112.8070949 139.4372376 26.6301427 63.4320949 139.4372376 26.6301427 96.3487615 149.6090470 53.2602855 112.8070949 139.4372376 26.6301427 63.4320949 139.4372376 26.6301427 96.3487615 133.1507137 63.4320949 139.4372376 133.1507137 63.4320949 139.4372376 96.3487615 20.3436188 26.6301427 112.8070949 10.1718094 53.2602855 112.8070949 10.1718094 53.2602855 96.3487615 20.3436188 26.6301427 63.4320949 20.3436188 26.6301427 53.2602855 46.9737615 10.1718094 63.4320949 20.3436188 26.6301427 53.2602855 46.9737615 10.1718094 26.6301427 63.4320949 20.3436188 26.6301427 63.4320949 20.3436188 10.1718094 106.5205709 112.8070949 0.0000000 79.8904282 63.4320949 0.0000000 79.8904282 96.3487615 10.1718094 106.5205709 112.8070949 0.0000000 79.8904282 63.4320949 0.0000000 79.8904282 96.3487615 10.1718094 53.2602855 46.9737615 10.1718094 53.2602855 46.9737615 26.6301427 96.3487615 139.4372376 53.2602855 112.8070949 149.6090470 53.2602855 112.8070949 149.6090470 26.6301427 96.3487615 139.4372376 79.8904282 96.3487615 159.7808564 79.8904282 96.3487615 159.7808564 106.5205709 46.9737615 149.6090470 79.8904282 63.4320949 159.7808564 106.5205709 46.9737615 149.6090470 79.8904282 63.4320949 159.7808564 112.8070949 10.1718094 106.5205709 96.3487615 20.3436188 133.1507137 96.3487615 20.3436188 133.1507137 112.8070949 10.1718094 106.5205709 96.3487615 0.0000000 79.8904282 96.3487615 0.0000000 79.8904282 46.9737615 10.1718094 53.2602855 63.4320949 0.0000000 79.8904282 63.4320949 0.0000000 79.8904282 46.9737615 10.1718094 53.2602855 20.3436188 26.6301427 63.4320949 20.3436188 26.6301427 63.4320949 10.1718094 53.2602855 112.8070949 20.3436188 26.6301427 96.3487615 10.1718094 53.2602855 112.8070949 20.3436188 26.6301427 96.3487615 53.2602855 46.9737615 149.6090470 26.6301427 63.4320949 139.4372376 53.2602855 46.9737615 149.6090470 26.6301427 63.4320949 139.4372376 63.4320949 20.3436188 133.1507137 63.4320949 20.3436188 133.1507137 46.9737615 10.1718094 106.5205709 46.9737615 10.1718094 106.5205709</float_array>
                    <technique_common>
                        <accessor count="120" source="#ID19" stride="3">
                            <param name="X" type="float" />
                            <param name="Y" type="float" />
                            <param name="Z" type="float" />
                        </accessor>
                    </technique_common>
                </source>
                <source id="ID16">
                    <float_array id="ID20" count="360">0.3490808 0.3925531 -0.8509081 0.8878343 0.3569259 -0.2904378 0.6351643 0.2157438 -0.7416339 0.8069858 0.5685901 -0.1596221 0.2157438 0.7416339 -0.6351643 0.3925531 0.8509081 -0.3490808 -0.3925531 -0.8509081 0.3490808 -0.2157438 -0.7416339 0.6351643 -0.8069858 -0.5685901 0.1596221 -0.3490808 -0.3925531 0.8509081 -0.8878343 -0.3569259 0.2904378 -0.6351643 -0.2157438 0.7416339 -0.3192442 0.7083339 -0.6295603 -0.4500599 0.7891824 -0.4178961 0.1768093 0.9842451 0.0000000 -0.1768093 0.9842451 -0.0000000 0.1768093 -0.9842451 0.0000000 0.4500599 -0.7891824 0.4178961 -0.1768093 -0.9842451 -0.0000000 0.3192442 -0.7083339 0.6295603 0.6745637 0.6967430 0.2439529 0.3925531 0.8509081 0.3490808 -0.3925531 -0.8509081 -0.3490808 -0.6745637 -0.6967430 -0.2439529 -0.7891824 -0.4178961 -0.4500599 -0.9572751 -0.0000000 0.2891789 -0.9842451 -0.0000000 -0.1768093 0.7891824 0.4178961 0.4500599 0.9572751 0.0000000 -0.2891789 0.9842451 0.0000000 0.1768093 0.6295603 -0.3192442 -0.7083339 0.8638130 -0.2446869 -0.4404037 -0.6295603 0.3192442 0.7083339 -0.8638130 0.2446869 0.4404037 0.0000000 0.1768093 -0.9842451 0.4178961 -0.4500599 -0.7891824 -0.0000000 -0.1768093 -0.9842451 -0.4178961 0.4500599 0.7891824 -0.0000000 -0.1768093 0.9842451 0.0000000 0.1768093 0.9842451 -0.2727476 0.3552253 -0.8941050 0.2727476 -0.3552253 0.8941050 0.5685901 -0.1596221 0.8069858 0.7083339 -0.6295603 0.3192442 0.8187194 -0.3193384 0.4772017 -0.5685901 0.1596221 -0.8069858 -0.7083339 0.6295603 -0.3192442 -0.8187194 0.3193384 -0.4772017 -0.7416339 0.6351643 0.2157438 -0.3925531 0.8509081 0.3490808 0.3925531 -0.8509081 -0.3490808 0.7416339 -0.6351643 -0.2157438 0.2157438 0.7416339 0.6351643 -0.2157438 0.7416339 0.6351643 0.2157438 -0.7416339 -0.6351643 -0.2157438 -0.7416339 -0.6351643 0.7125882 0.1512248 0.6850906 0.3490808 0.3925531 0.8509081 -0.3490808 -0.3925531 -0.8509081 -0.7125882 -0.1512248 -0.6850906 -0.7891824 0.4178961 -0.4500599 -0.7416339 0.6351643 0.2157438 -0.7083339 0.6295603 -0.3192442 0.7891824 -0.4178961 0.4500599 0.7416339 -0.6351643 -0.2157438 0.7083339 -0.6295603 0.3192442 -0.7125882 0.1512248 -0.6850906 0.7125882 -0.1512248 0.6850906 -0.1219764 0.7499493 0.6501521 -0.2904378 0.8878343 0.3569259 0.2904378 -0.8878343 -0.3569259 0.1219764 -0.7499493 -0.6501521 -0.2157438 -0.7416339 -0.6351643 -0.3490808 -0.3925531 -0.8509081 0.2157438 0.7416339 0.6351643 0.3490808 0.3925531 0.8509081 -0.7125882 -0.1512248 -0.6850906 0.7125882 0.1512248 0.6850906 -0.8638130 0.2446869 0.4404037 -0.9572751 0.0000000 -0.2891789 -0.9572751 0.0000000 0.2891789 0.8638130 -0.2446869 -0.4404037 0.9572751 -0.0000000 0.2891789 0.9572751 -0.0000000 -0.2891789 0.8638130 0.2446869 0.4404037 -0.8638130 -0.2446869 -0.4404037 -0.7125882 0.1512248 0.6850906 -0.3490808 0.3925531 0.8509081 0.3490808 -0.3925531 -0.8509081 0.7125882 -0.1512248 -0.6850906 0.0000000 0.1768093 0.9842451 -0.0000000 -0.1768093 -0.9842451 0.3490808 -0.3925531 0.8509081 -0.0000000 -0.1768093 0.9842451 -0.3490808 0.3925531 -0.8509081 0.0000000 0.1768093 -0.9842451 0.3595833 -0.8368837 0.4127051 0.2157438 -0.7416339 0.6351643 -0.2157438 0.7416339 -0.6351643 -0.3595833 0.8368837 -0.4127051 -0.1045175 0.9945230 -0.0000000 0.1045175 -0.9945230 0.0000000 -0.3925531 -0.8509081 -0.3490808 -0.1768093 -0.9842451 0.0000000 0.1768093 0.9842451 -0.0000000 0.3925531 0.8509081 0.3490808 -0.7416339 -0.6351643 -0.2157438 0.7416339 0.6351643 0.2157438 -0.8187194 -0.3193384 0.4772017 -0.7083339 -0.6295603 0.3192442 0.8187194 0.3193384 -0.4772017 0.7083339 0.6295603 -0.3192442 -0.4178961 -0.4500599 0.7891824 -0.6967430 -0.2439529 0.6745637 0.4178961 0.4500599 -0.7891824 0.6967430 0.2439529 -0.6745637 -0.1219764 -0.7499493 0.6501521 0.1219764 0.7499493 -0.6501521 -0.4500599 -0.7891824 0.4178961 0.4500599 0.7891824 -0.4178961</float_array>
                    <technique_common>
                        <accessor count="120" source="#ID20" stride="3">
                            <param name="X" type="float" />
                            <param name="Y" type="float" />
                            <param name="Z" type="float" />
                        </accessor>
                    </technique_common>
                </source>
                <source id="ID18">
                    <float_array id="ID21" count="344">0.1852185 4.0768913 -1.2695064 5.9549331 -1.0842879 4.5959693 -0.1852185 6.7948189 1.2695064 4.9167771 1.0842879 6.2757409 -2.6430040 3.1096429 -4.7002956 4.2974208 -4.0145317 3.1096429 -1.9572401 4.2974208 -4.0145317 5.4851987 -2.6430040 5.4851987 0.0851090 3.3287678 -2.0254553 2.6430040 -0.7210548 2.2191786 -2.0254553 4.0145317 -0.7210548 4.4383571 -1.9218650 4.7002956 -0.7340871 2.6430040 -0.7340871 4.0145317 -1.9218650 1.9572401 -3.1096429 4.0145317 -3.1096429 2.6430040 2.6430040 3.6377829 3.3287678 5.7483471 2.2191786 4.9421833 4.0145317 3.6377829 4.4383571 4.9421833 4.0145317 3.1096429 1.9572401 4.2974208 2.6430040 3.1096429 4.7002956 4.2974208 4.0145317 5.4851987 2.6430040 5.4851987 -2.6430040 5.5255289 -3.3287678 3.4149647 -2.2191786 4.2211285 -4.0145317 5.5255289 -4.4383571 4.2211285 3.6233007 1.8780418 4.5223701 4.0768913 3.4380822 3.2370055 5.7918765 3.5578134 4.8928071 1.3589638 5.9770950 2.1988496 -3.6377829 2.6430040 -5.7483471 3.3287678 -4.9421833 2.2191786 -3.6377829 4.0145317 -4.9421833 4.4383571 -1.9572401 1.9218650 -4.0145317 0.7340871 -2.6430040 0.7340871 -4.7002956 1.9218650 -4.0145317 3.1096429 -2.6430040 3.1096429 1.0842879 -0.8398858 -1.2695064 -0.5190780 -0.1852185 -1.3589638 1.2695064 0.5190780 -1.0842879 0.8398858 0.1852185 1.3589638 -4.2974208 4.7002956 -3.1096429 2.6430040 -3.1096429 4.0145317 -4.2974208 1.9572401 -5.4851987 4.0145317 -5.4851987 2.6430040 -2.6430040 2.0254553 -3.3287678 -0.0851090 -2.2191786 0.7210548 -4.0145317 2.0254553 -4.4383571 0.7210548 -3.4380822 2.1988496 -5.7918765 1.8780418 -4.5223701 1.3589638 -5.9770950 3.2370055 -3.6233007 3.5578134 -4.8928071 4.0768913 3.3287678 -2.2482734 2.6430040 -0.1377092 2.2191786 -1.4421096 4.0145317 -0.1377092 4.4383571 -1.4421096 -4.0145317 -0.7340871 -1.9572401 -1.9218650 -2.6430040 -0.7340871 -4.7002956 -1.9218650 -2.6430040 -3.1096429 -4.0145317 -3.1096429 -4.2974208 4.7002956 -3.1096429 2.6430040 -3.1096429 4.0145317 -4.2974208 1.9572401 -5.4851987 2.6430040 -5.4851987 4.0145317 2.6430040 0.1377092 3.3287678 2.2482734 2.2191786 1.4421096 4.0145317 0.1377092 4.4383571 1.4421096 -3.4380822 2.1988496 -5.7918765 1.8780418 -4.5223701 1.3589638 -5.9770950 3.2370055 -3.6233007 3.5578134 -4.8928071 4.0768913 -3.3287678 0.0851090 -2.6430040 -2.0254553 -2.2191786 -0.7210548 -4.0145317 -2.0254553 -4.4383571 -0.7210548 1.9572401 -1.9218650 4.0145317 -0.7340871 2.6430040 -0.7340871 4.7002956 -1.9218650 4.0145317 -3.1096429 2.6430040 -3.1096429 5.9770950 2.1988496 3.6233007 1.8780418 4.8928071 1.3589638 3.4380822 3.2370055 5.7918765 3.5578134 4.5223701 4.0768913 -3.4149647 3.3287678 -5.5255289 2.6430040 -4.2211285 2.2191786 -5.5255289 4.0145317 -4.2211285 4.4383571 4.0145317 0.7340871 1.9572401 1.9218650 2.6430040 0.7340871 4.7002956 1.9218650 2.6430040 3.1096429 1.2695064 -0.5190780 -1.0842879 -0.8398858 0.1852185 -1.3589638 -1.2695064 0.5190780 1.0842879 0.8398858 -0.1852185 1.3589638 -1.9218650 4.7002956 -0.7340871 2.6430040 -0.7340871 4.0145317 -1.9218650 1.9572401 -1.9572401 4.2974208 -4.0145317 3.1096429 -2.6430040 3.1096429 -4.7002956 4.2974208 -2.6430040 5.4851987 -4.0145317 5.4851987 2.6430040 3.6377829 3.3287678 5.7483471 2.2191786 4.9421833 4.0145317 3.6377829 4.4383571 4.9421833 4.7002956 4.2974208 2.6430040 3.1096429 4.0145317 3.1096429 1.9572401 4.2974208 2.6430040 5.4851987 4.0145317 5.4851987 2.2482734 3.3287678 0.1377092 2.6430040 1.4421096 2.2191786 0.1377092 4.0145317 1.4421096 4.4383571 1.2695064 4.9167771 -1.0842879 4.5959693 0.1852185 4.0768913 -1.2695064 5.9549331 1.0842879 6.2757409 -0.1852185 6.7948189</float_array>
                    <technique_common>
                        <accessor count="172" source="#ID21" stride="2">
                            <param name="S" type="float" />
                            <param name="T" type="float" />
                        </accessor>
                    </technique_common>
                </source>
                <vertices id="ID17">
                    <input semantic="POSITION" source="#ID15" />
                    <input semantic="NORMAL" source="#ID16" />
                </vertices>
                <triangles count="226" material="Material2">
                    <input offset="0" semantic="VERTEX" source="#ID17" />
                    <input offset="1" semantic="TEXCOORD" source="#ID18" />
