<?xml version="1.0" encoding="UTF-8" standalone="no" ?>
<COLLADA xmlns="http://www.collada.org/2005/11/COLLADASchema" version="1.4.1">
    <asset>
        <contributor>
            <authoring_tool>SketchUp 17.3.116</authoring_tool>
        </contributor>
        <created>2020-03-09T23:37:04Z</created>
        <modified>2020-03-09T23:37:04Z</modified>
        <unit meter="0.0254000" name="inch" />
        <up_axis>Z_UP</up_axis>
    </asset>
    <library_cameras>
        <camera id="ID1" name="skp_camera_Last_Saved_SketchUp_View">
            <optics>
                <technique_common>
                    <perspective>
                        <yfov>35.0000000</yfov>
                        <aspect_ratio>0.0000000</aspect_ratio>
                        <znear>1.0000000</znear>
                        <zfar>1000.0000000</zfar>
                    </perspective>
                </technique_common>
            </optics>
        </camera>
    </library_cameras>
    <library_visual_scenes>
        <visual_scene id="ID2">
            <node name="SketchUp">
                <node name="skp_camera_Last_Saved_SketchUp_View">
                    <matrix>-0.0205072 -0.6916435 0.7219478 3611.3073730 0.9997897 -0.0141867 0.0148083 -886.8728638 0.0000000 0.7220997 0.6917890 3822.0961914 0.0000000 0.0000000 0.0000000 1.0000000</matrix>
                    <instance_camera url="#ID1" />
                </node>
                <node id="ID3" name="instance_0">
                    <matrix>1.0000000 0.0000000 0.0000000 95.1494596 0.0000000 1.0000000 0.0000000 150.0894025 0.0000000 0.0000000 1.0000000 0.0000000 0.0000000 0.0000000 0.0000000 1.0000000</matrix>
                    <instance_node url="#ID4" />
                </node>
            </node>
        </visual_scene>
    </library_visual_scenes>
    <library_nodes>
        <node id="ID4" name="Component_21">
            <node id="ID5" name="group_0">
                <matrix>0.0100000 0.0000000 0.0000000 414.1259843 0.0000000 0.0100000 0.0000000 99.1653543 0.0000000 0.0000000 0.0100000 -530.7559055 0.0000000 0.0000000 0.0000000 1.0000000</matrix>
                <node id="ID6" name="instance_1">
                    <matrix>1.0000000 0.0000000 0.0000000 5831.4960630 0.0000000 1.0000000 0.0000000 5437.7952756 0.0000000 0.0000000 1.0000000 5437.7952756 0.0000000 0.0000000 0.0000000 1.0000000</matrix>
                    <instance_node url="#ID7" />
                </node>
                <node id="ID1244" name="instance_4">
                    <matrix>-0.0000000 -0.0000000 -1.0000000 6225.1968504 -0.0000000 1.0000000 -0.0000000 5437.7952756 1.0000000 0.0000000 -0.0000000 5831.4960630 0.0000000 0.0000000 0.0000000 1.0000000</matrix>
                    <instance_node url="#ID7" />
                </node>
                <node id="ID1245" name="instance_5">
                    <matrix>0.8660254 0.0000000 -0.5000000 6028.3464567 -0.0000000 1.0000000 0.0000000 5437.7952756 0.5000000 0.0000000 0.8660254 5490.5411796 0.0000000 0.0000000 0.0000000 1.0000000</matrix>
                    <instance_node url="#ID7" />
                </node>
                <node id="ID1246" name="instance_6">
                    <matrix>0.5000000 -0.0000000 -0.8660254 6172.4509464 -0.0000000 1.0000000 -0.0000000 5437.7952756 0.8660254 0.0000000 0.5000000 5634.6456693 0.0000000 0.0000000 0.0000000 1.0000000</matrix>
                    <instance_node url="#ID7" />
                </node>
                <node id="ID1247" name="instance_7">
                    <matrix>0.5000000 0.8660254 0.0000000 5490.5411796 -0.8660254 0.5000000 0.0000000 5634.6456693 -0.0000000 -0.0000000 1.0000000 5437.7952756 0.0000000 0.0000000 0.0000000 1.0000000</matrix>
                    <instance_node url="#ID7" />
                </node>
                <node id="ID1248" name="instance_8">
                    <matrix>0.8660254 0.5000000 -0.0000000 5634.6456693 -0.5000000 0.8660254 0.0000000 5490.5411796 0.0000000 0.0000000 1.0000000 5437.7952756 0.0000000 0.0000000 0.0000000 1.0000000</matrix>
                    <instance_node url="#ID7" />
                </node>
                <node id="ID1249" name="instance_9">
                    <matrix>-0.0000000 1.0000000 -0.0000000 5437.7952756 -1.0000000 -0.0000000 0.0000000 5831.4960630 0.0000000 0.0000000 1.0000000 5437.7952756 0.0000000 0.0000000 0.0000000 1.0000000</matrix>
                    <instance_node url="#ID7" />
                </node>
                <node id="ID1250" name="instance_10">
                    <matrix>-0.5000000 0.8660254 0.0000000 5490.5411796 -0.8660254 -0.5000000 0.0000000 6028.3464567 0.0000000 0.0000000 1.0000000 5437.7952756 0.0000000 0.0000000 0.0000000 1.0000000</matrix>
                    <instance_node url="#ID7" />
                </node>
                <node id="ID1251" name="instance_11">
                    <matrix>-0.8660254 0.5000000 -0.0000000 5634.6456693 -0.5000000 -0.8660254 -0.0000000 6172.4509464 -0.0000000 -0.0000000 1.0000000 5437.7952756 0.0000000 0.0000000 0.0000000 1.0000000</matrix>
                    <instance_node url="#ID7" />
                </node>
                <node id="ID1252" name="instance_12">
                    <matrix>-1.0000000 0.0000000 0.0000000 5831.4960630 -0.0000000 -1.0000000 0.0000000 6225.1968504 0.0000000 0.0000000 1.0000000 5437.7952756 0.0000000 0.0000000 0.0000000 1.0000000</matrix>
                    <instance_node url="#ID7" />
                </node>
                <node id="ID1253" name="instance_13">
                    <matrix>-0.8660254 -0.5000000 0.0000000 6028.3464567 0.5000000 -0.8660254 -0.0000000 6172.4509464 0.0000000 0.0000000 1.0000000 5437.7952756 0.0000000 0.0000000 0.0000000 1.0000000</matrix>
                    <instance_node url="#ID7" />
                </node>
                <node id="ID1254" name="instance_14">
                    <matrix>-0.5000000 -0.8660254 -0.0000000 6172.4509464 0.8660254 -0.5000000 -0.0000000 6028.3464567 -0.0000000 -0.0000000 1.0000000 5437.7952756 0.0000000 0.0000000 0.0000000 1.0000000</matrix>
                    <instance_node url="#ID7" />
                </node>
                <node id="ID1255" name="instance_15">
                    <matrix>-0.0000000 -1.0000000 0.0000000 6225.1968504 1.0000000 -0.0000000 -0.0000000 5831.4960630 0.0000000 0.0000000 1.0000000 5437.7952756 0.0000000 0.0000000 0.0000000 1.0000000</matrix>
                    <instance_node url="#ID7" />
                </node>
                <node id="ID1256" name="instance_16">
                    <matrix>0.5000000 -0.8660254 -0.0000000 6172.4509464 0.8660254 0.5000000 -0.0000000 5634.6456693 0.0000000 0.0000000 1.0000000 5437.7952756 0.0000000 0.0000000 0.0000000 1.0000000</matrix>
                    <instance_node url="#ID7" />
                </node>
                <node id="ID1257" name="instance_17">
                    <matrix>0.8660254 -0.5000000 -0.0000000 6028.3464567 0.5000000 0.8660254 -0.0000000 5490.5411796 0.0000000 0.0000000 1.0000000 5437.7952756 0.0000000 0.0000000 0.0000000 1.0000000</matrix>
                    <instance_node url="#ID7" />
                </node>
                <node id="ID1258" name="instance_18">
                    <matrix>-0.0000000 0.0000000 -1.0000000 6225.1968504 0.8660254 0.5000000 -0.0000000 5634.6456693 0.5000000 -0.8660254 -0.0000000 6172.4509464 0.0000000 0.0000000 0.0000000 1.0000000</matrix>
                    <instance_node url="#ID7" />
                </node>
                <node id="ID1259" name="instance_19">
                    <matrix>0.4330127 0.2500000 -0.8660254 6074.0257495 0.7500000 0.4330127 0.5000000 5464.1682276 0.5000000 -0.8660254 -0.0000000 6172.4509464 0.0000000 0.0000000 0.0000000 1.0000000</matrix>
                    <instance_node url="#ID7" />
                </node>
                <node id="ID1260" name="instance_20">
                    <matrix>0.2500000 0.4330127 -0.8660254 6001.9735047 0.4330127 0.7500000 0.5000000 5339.3700787 0.8660254 -0.5000000 -0.0000000 6028.3464567 0.0000000 0.0000000 0.0000000 1.0000000</matrix>
                    <instance_node url="#ID7" />
                </node>
                <node id="ID1261" name="instance_21">
                    <matrix>0.7500000 0.4330127 -0.5000000 5857.8690150 0.4330127 0.2500000 0.8660254 5392.1159828 0.5000000 -0.8660254 -0.0000000 6172.4509464 0.0000000 0.0000000 0.0000000 1.0000000</matrix>
                    <instance_node url="#ID7" />
                </node>
                <node id="ID1262" name="instance_22">
                    <matrix>0.7500000 0.4330127 0.5000000 5464.1682276 -0.4330127 -0.2500000 0.8660254 5588.9663765 0.5000000 -0.8660254 -0.0000000 6172.4509464 0.0000000 0.0000000 0.0000000 1.0000000</matrix>
                    <instance_node url="#ID7" />
                </node>
                <node id="ID1263" name="instance_23">
                    <matrix>-0.4330127 -0.2500000 -0.8660254 6270.8761432 0.7500000 0.4330127 -0.5000000 5857.8690150 0.5000000 -0.8660254 -0.0000000 6172.4509464 0.0000000 0.0000000 0.0000000 1.0000000</matrix>
                    <instance_node url="#ID7" />
                </node>
                <node id="ID1264" name="instance_24">
                    <matrix>-0.2500000 -0.4330127 -0.8660254 6342.9283881 0.4330127 0.7500000 -0.5000000 5733.0708661 0.8660254 -0.5000000 -0.0000000 6028.3464567 0.0000000 0.0000000 0.0000000 1.0000000</matrix>
                    <instance_node url="#ID7" />
                </node>
                <node id="ID1265" name="instance_25">
                    <matrix>0.2500000 0.4330127 0.8660254 5320.0637379 -0.4330127 -0.7500000 0.5000000 5929.9212598 0.8660254 -0.5000000 -0.0000000 6028.3464567 0.0000000 0.0000000 0.0000000 1.0000000</matrix>
                    <instance_node url="#ID7" />
                </node>
                <node id="ID1266" name="instance_26">
                    <matrix>0.4330127 0.2500000 0.8660254 5392.1159828 -0.7500000 -0.4330127 0.5000000 5805.1231110 0.5000000 -0.8660254 -0.0000000 6172.4509464 0.0000000 0.0000000 0.0000000 1.0000000</matrix>
                    <instance_node url="#ID7" />
                </node>
                <node id="ID1267" name="instance_27">
                    <matrix>0.0000000 -0.0000000 1.0000000 5437.7952756 -0.8660254 -0.5000000 0.0000000 6028.3464567 0.5000000 -0.8660254 -0.0000000 6172.4509464 0.0000000 0.0000000 0.0000000 1.0000000</matrix>
                    <instance_node url="#ID7" />
                </node>
                <node id="ID1268" name="instance_28">
                    <matrix>-0.2500000 -0.4330127 0.8660254 5661.0186213 -0.4330127 -0.7500000 -0.5000000 6323.6220472 0.8660254 -0.5000000 -0.0000000 6028.3464567 0.0000000 0.0000000 0.0000000 1.0000000</matrix>
                    <instance_node url="#ID7" />
                </node>
                <node id="ID1269" name="instance_29">
                    <matrix>-0.4330127 -0.2500000 0.8660254 5588.9663765 -0.7500000 -0.4330127 -0.5000000 6198.8238984 0.5000000 -0.8660254 -0.0000000 6172.4509464 0.0000000 0.0000000 0.0000000 1.0000000</matrix>
                    <instance_node url="#ID7" />
                </node>
                <node id="ID1270" name="instance_30">
                    <matrix>-0.7500000 -0.4330127 0.5000000 5805.1231110 -0.4330127 -0.2500000 -0.8660254 6270.8761432 0.5000000 -0.8660254 -0.0000000 6172.4509464 0.0000000 0.0000000 0.0000000 1.0000000</matrix>
                    <instance_node url="#ID7" />
                </node>
                <node id="ID1271" name="instance_31">
                    <matrix>-0.5000000 -0.8660254 0.0000000 6172.4509464 -0.0000000 0.0000000 -1.0000000 6225.1968504 0.8660254 -0.5000000 -0.0000000 6028.3464567 0.0000000 0.0000000 0.0000000 1.0000000</matrix>
                    <instance_node url="#ID7" />
                </node>
                <node id="ID1272" name="instance_32">
                    <matrix>-0.8660254 -0.5000000 0.0000000 6028.3464567 -0.0000000 0.0000000 -1.0000000 6225.1968504 0.5000000 -0.8660254 -0.0000000 6172.4509464 0.0000000 0.0000000 0.0000000 1.0000000</matrix>
                    <instance_node url="#ID7" />
                </node>
                <node id="ID1273" name="instance_33">
                    <matrix>-0.7500000 -0.4330127 -0.5000000 6198.8238984 0.4330127 0.2500000 -0.8660254 6074.0257495 0.5000000 -0.8660254 -0.0000000 6172.4509464 0.0000000 0.0000000 0.0000000 1.0000000</matrix>
                    <instance_node url="#ID7" />
                </node>
                <node id="ID1274" name="instance_34">
                    <matrix>0.2500000 0.4330127 -0.8660254 6001.9735047 -0.4330127 -0.7500000 -0.5000000 6323.6220472 -0.8660254 0.5000000 0.0000000 5634.6456693 0.0000000 0.0000000 0.0000000 1.0000000</matrix>
                    <instance_node url="#ID7" />
                </node>
                <node id="ID1275" name="instance_35">
                    <matrix>-0.5000000 -0.8660254 0.0000000 6172.4509464 0.0000000 -0.0000000 1.0000000 5437.7952756 -0.8660254 0.5000000 0.0000000 5634.6456693 0.0000000 0.0000000 0.0000000 1.0000000</matrix>
                    <instance_node url="#ID7" />
                </node>
                <node id="ID1276" name="instance_36">
                    <matrix>0.7500000 0.4330127 0.5000000 5464.1682276 0.4330127 0.2500000 -0.8660254 6074.0257495 -0.5000000 0.8660254 0.0000000 5490.5411796 0.0000000 0.0000000 0.0000000 1.0000000</matrix>
                    <instance_node url="#ID7" />
                </node>
                <node id="ID1277" name="instance_37">
                    <matrix>-0.8660254 -0.5000000 0.0000000 6028.3464567 0.0000000 -0.0000000 1.0000000 5437.7952756 -0.5000000 0.8660254 0.0000000 5490.5411796 0.0000000 0.0000000 0.0000000 1.0000000</matrix>
                    <instance_node url="#ID7" />
                </node>
                <node id="ID1278" name="instance_38">
                    <matrix>0.2500000 0.4330127 0.8660254 5320.0637379 0.4330127 0.7500000 -0.5000000 5733.0708661 -0.8660254 0.5000000 0.0000000 5634.6456693 0.0000000 0.0000000 0.0000000 1.0000000</matrix>
                    <instance_node url="#ID7" />
                </node>
                <node id="ID1279" name="instance_39">
                    <matrix>0.4330127 0.2500000 0.8660254 5392.1159828 0.7500000 0.4330127 -0.5000000 5857.8690150 -0.5000000 0.8660254 0.0000000 5490.5411796 0.0000000 0.0000000 0.0000000 1.0000000</matrix>
                    <instance_node url="#ID7" />
                </node>
                <node id="ID1280" name="instance_40">
                    <matrix>0.0000000 -0.0000000 1.0000000 5437.7952756 0.8660254 0.5000000 -0.0000000 5634.6456693 -0.5000000 0.8660254 0.0000000 5490.5411796 0.0000000 0.0000000 0.0000000 1.0000000</matrix>
                    <instance_node url="#ID7" />
                </node>
                <node id="ID1281" name="instance_41">
                    <matrix>-0.2500000 -0.4330127 0.8660254 5661.0186213 0.4330127 0.7500000 0.5000000 5339.3700787 -0.8660254 0.5000000 0.0000000 5634.6456693 0.0000000 0.0000000 0.0000000 1.0000000</matrix>
                    <instance_node url="#ID7" />
                </node>
                <node id="ID1282" name="instance_42">
                    <matrix>-0.4330127 -0.2500000 0.8660254 5588.9663765 0.7500000 0.4330127 0.5000000 5464.1682276 -0.5000000 0.8660254 0.0000000 5490.5411796 0.0000000 0.0000000 0.0000000 1.0000000</matrix>
                    <instance_node url="#ID7" />
                </node>
                <node id="ID1283" name="instance_43">
                    <matrix>-0.7500000 -0.4330127 0.5000000 5805.1231110 0.4330127 0.2500000 0.8660254 5392.1159828 -0.5000000 0.8660254 0.0000000 5490.5411796 0.0000000 0.0000000 0.0000000 1.0000000</matrix>
                    <instance_node url="#ID7" />
                </node>
                <node id="ID1284" name="instance_44">
                    <matrix>-0.7500000 -0.4330127 -0.5000000 6198.8238984 -0.4330127 -0.2500000 0.8660254 5588.9663765 -0.5000000 0.8660254 0.0000000 5490.5411796 0.0000000 0.0000000 0.0000000 1.0000000</matrix>
                    <instance_node url="#ID7" />
                </node>
                <node id="ID1285" name="instance_45">
                    <matrix>-0.2500000 -0.4330127 -0.8660254 6342.9283881 -0.4330127 -0.7500000 0.5000000 5929.9212598 -0.8660254 0.5000000 0.0000000 5634.6456693 0.0000000 0.0000000 0.0000000 1.0000000</matrix>
                    <instance_node url="#ID7" />
                </node>
                <node id="ID1286" name="instance_46">
                    <matrix>-0.4330127 -0.2500000 -0.8660254 6270.8761432 -0.7500000 -0.4330127 0.5000000 5805.1231110 -0.5000000 0.8660254 0.0000000 5490.5411796 0.0000000 0.0000000 0.0000000 1.0000000</matrix>
                    <instance_node url="#ID7" />
                </node>
                <node id="ID1287" name="instance_47">
                    <matrix>0.0000000 0.0000000 -1.0000000 6225.1968504 -0.0000000 -1.0000000 -0.0000000 6225.1968504 -1.0000000 0.0000000 -0.0000000 5831.4960630 0.0000000 0.0000000 0.0000000 1.0000000</matrix>
                    <instance_node url="#ID7" />
                </node>
                <node id="ID1288" name="instance_48">
                    <matrix>0.8660254 0.0000000 -0.5000000 6028.3464567 0.0000000 -1.0000000 -0.0000000 6225.1968504 -0.5000000 0.0000000 -0.8660254 6172.4509464 0.0000000 0.0000000 0.0000000 1.0000000</matrix>
                    <instance_node url="#ID7" />
                </node>
                <node id="ID1289" name="instance_49">
                    <matrix>0.5000000 0.0000000 -0.8660254 6172.4509464 0.0000000 -1.0000000 0.0000000 6225.1968504 -0.8660254 -0.0000000 -0.5000000 6028.3464567 0.0000000 0.0000000 0.0000000 1.0000000</matrix>
                    <instance_node url="#ID7" />
                </node>
                <node id="ID1290" name="instance_50">
                    <matrix>-0.0000000 0.0000000 -1.0000000 6225.1968504 -0.8660254 -0.5000000 0.0000000 6028.3464567 -0.5000000 0.8660254 0.0000000 5490.5411796 0.0000000 0.0000000 0.0000000 1.0000000</matrix>
                    <instance_node url="#ID7" />
                </node>
                <node id="ID1291" name="instance_51">
                    <matrix>0.7500000 0.4330127 -0.5000000 5857.8690150 -0.4330127 -0.2500000 -0.8660254 6270.8761432 -0.5000000 0.8660254 0.0000000 5490.5411796 0.0000000 0.0000000 0.0000000 1.0000000</matrix>
                    <instance_node url="#ID7" />
                </node>
                <node id="ID1292" name="instance_52">
                    <matrix>0.4330127 0.2500000 -0.8660254 6074.0257495 -0.7500000 -0.4330127 -0.5000000 6198.8238984 -0.5000000 0.8660254 0.0000000 5490.5411796 0.0000000 0.0000000 0.0000000 1.0000000</matrix>
                    <instance_node url="#ID7" />
                </node>
                <node id="ID1293" name="instance_53">
                    <matrix>1.0000000 0.0000000 0.0000000 1500.7874016 0.0000000 1.0000000 0.0000000 1500.7874016 0.0000000 0.0000000 1.0000000 1500.7874016 0.0000000 0.0000000 0.0000000 1.0000000</matrix>
                    <instance_node url="#ID1294" />
                </node>
            </node>
        </node>
        <node id="ID7" name="Component_20">
            <node id="ID8" name="instance_2">
                <matrix>1.0000000 0.0000000 0.0000000 5044.0944882 0.0000000 1.0000000 0.0000000 -0.0000000 0.0000000 0.0000000 1.0000000 0.0000000 0.0000000 0.0000000 0.0000000 1.0000000</matrix>
                <instance_node url="#ID9" />
            </node>
            <node id="ID1229" name="instance_3">
                <matrix>1.0000000 0.0000000 0.0000000 3937.0078740 0.0000000 1.0000000 0.0000000 196.8252376 0.0000000 0.0000000 1.0000000 196.8252376 0.0000000 0.0000000 0.0000000 1.0000000</matrix>
                <instance_node url="#ID1230" />
            </node>
        </node>
        <node id="ID9" name="Component_16">
            <instance_geometry url="#ID10">
                <bind_material>
                    <technique_common>
                        <instance_material symbol="Material2" target="#ID11">
                            <bind_vertex_input semantic="UVSET0" input_semantic="TEXCOORD" input_set="0" />
                        </instance_material>
                        <instance_material symbol="Material3" target="#ID20">
                            <bind_vertex_input semantic="UVSET0" input_semantic="TEXCOORD" input_set="0" />
                        </instance_material>
                        <instance_material symbol="Material4" target="#ID25">
                            <bind_vertex_input semantic="UVSET0" input_semantic="TEXCOORD" input_set="0" />
                        </instance_material>
                        <instance_material symbol="Material5" target="#ID30">
                            <bind_vertex_input semantic="UVSET0" input_semantic="TEXCOORD" input_set="0" />
                        </instance_material>
                        <instance_material symbol="Material6" target="#ID35">
                            <bind_vertex_input semantic="UVSET0" input_semantic="TEXCOORD" input_set="0" />
                        </instance_material>
                        <instance_material symbol="Material7" target="#ID40">
                            <bind_vertex_input semantic="UVSET0" input_semantic="TEXCOORD" input_set="0" />
                        </instance_material>
                        <instance_material symbol="Material8" target="#ID45">
                            <bind_vertex_input semantic="UVSET0" input_semantic="TEXCOORD" input_set="0" />
                        </instance_material>
                        <instance_material symbol="Material9" target="#ID50">
                            <bind_vertex_input semantic="UVSET0" input_semantic="TEXCOORD" input_set="0" />
                        </instance_material>
                        <instance_material symbol="Material10" target="#ID55">
                            <bind_vertex_input semantic="UVSET0" input_semantic="TEXCOORD" input_set="0" />
                        </instance_material>
                        <instance_material symbol="Material11" target="#ID60">
                            <bind_vertex_input semantic="UVSET0" input_semantic="TEXCOORD" input_set="0" />
                        </instance_material>
                        <instance_material symbol="Material12" target="#ID65">
                            <bind_vertex_input semantic="UVSET0" input_semantic="TEXCOORD" input_set="0" />
                        </instance_material>
                        <instance_material symbol="Material13" target="#ID70">
                            <bind_vertex_input semantic="UVSET0" input_semantic="TEXCOORD" input_set="0" />
                        </instance_material>
                        <instance_material symbol="Material14" target="#ID75">
                            <bind_vertex_input semantic="UVSET0" input_semantic="TEXCOORD" input_set="0" />
                        </instance_material>
                        <instance_material symbol="Material15" target="#ID80">
                            <bind_vertex_input semantic="UVSET0" input_semantic="TEXCOORD" input_set="0" />
                        </instance_material>
                        <instance_material symbol="Material16" target="#ID85">
                            <bind_vertex_input semantic="UVSET0" input_semantic="TEXCOORD" input_set="0" />
                        </instance_material>
                        <instance_material symbol="Material17" target="#ID90">
                            <bind_vertex_input semantic="UVSET0" input_semantic="TEXCOORD" input_set="0" />
                        </instance_material>
                        <instance_material symbol="Material18" target="#ID95">
                            <bind_vertex_input semantic="UVSET0" input_semantic="TEXCOORD" input_set="0" />
                        </instance_material>
                        <instance_material symbol="Material19" target="#ID100">
                            <bind_vertex_input semantic="UVSET0" input_semantic="TEXCOORD" input_set="0" />
                        </instance_material>
                        <instance_material symbol="Material20" target="#ID105">
                            <bind_vertex_input semantic="UVSET0" input_semantic="TEXCOORD" input_set="0" />
                        </instance_material>
                        <instance_material symbol="Material21" target="#ID110">
                            <bind_vertex_input semantic="UVSET0" input_semantic="TEXCOORD" input_set="0" />
                        </instance_material>
                        <instance_material symbol="Material22" target="#ID115">
                            <bind_vertex_input semantic="UVSET0" input_semantic="TEXCOORD" input_set="0" />
                        </instance_material>
                        <instance_material symbol="Material23" target="#ID120">
                            <bind_vertex_input semantic="UVSET0" input_semantic="TEXCOORD" input_set="0" />
                        </instance_material>
                        <instance_material symbol="Material24" target="#ID125">
                            <bind_vertex_input semantic="UVSET0" input_semantic="TEXCOORD" input_set="0" />
                        </instance_material>
                        <instance_material symbol="Material25" target="#ID130">
                            <bind_vertex_input semantic="UVSET0" input_semantic="TEXCOORD" input_set="0" />
                        </instance_material>
                        <instance_material symbol="Material26" target="#ID135">
                            <bind_vertex_input semantic="UVSET0" input_semantic="TEXCOORD" input_set="0" />
                        </instance_material>
                        <instance_material symbol="Material27" target="#ID140">
                            <bind_vertex_input semantic="UVSET0" input_semantic="TEXCOORD" input_set="0" />
                        </instance_material>
                        <instance_material symbol="Material28" target="#ID145">
                            <bind_vertex_input semantic="UVSET0" input_semantic="TEXCOORD" input_set="0" />
                        </instance_material>
                        <instance_material symbol="Material29" target="#ID150">
                            <bind_vertex_input semantic="UVSET0" input_semantic="TEXCOORD" input_set="0" />
                        </instance_material>
                        <instance_material symbol="Material30" target="#ID155">
                            <bind_vertex_input semantic="UVSET0" input_semantic="TEXCOORD" input_set="0" />
                        </instance_material>
                        <instance_material symbol="Material31" target="#ID160">
                            <bind_vertex_input semantic="UVSET0" input_semantic="TEXCOORD" input_set="0" />
                        </instance_material>
                        <instance_material symbol="Material32" target="#ID165">
                            <bind_vertex_input semantic="UVSET0" input_semantic="TEXCOORD" input_set="0" />
                        </instance_material>
                        <instance_material symbol="Material33" target="#ID170">
                            <bind_vertex_input semantic="UVSET0" input_semantic="TEXCOORD" input_set="0" />
                        </instance_material>
                        <instance_material symbol="Material34" target="#ID175">
                            <bind_vertex_input semantic="UVSET0" input_semantic="TEXCOORD" input_set="0" />
                        </instance_material>
                        <instance_material symbol="Material35" target="#ID180">
                            <bind_vertex_input semantic="UVSET0" input_semantic="TEXCOORD" input_set="0" />
                        </instance_material>
                        <instance_material symbol="Material36" target="#ID185">
                            <bind_vertex_input semantic="UVSET0" input_semantic="TEXCOORD" input_set="0" />
                        </instance_material>
                        <instance_material symbol="Material37" target="#ID190">
                            <bind_vertex_input semantic="UVSET0" input_semantic="TEXCOORD" input_set="0" />
                        </instance_material>
                        <instance_material symbol="Material38" target="#ID195">
                            <bind_vertex_input semantic="UVSET0" input_semantic="TEXCOORD" input_set="0" />
                        </instance_material>
                        <instance_material symbol="Material39" target="#ID200">
                            <bind_vertex_input semantic="UVSET0" input_semantic="TEXCOORD" input_set="0" />
                        </instance_material>
                        <instance_material symbol="Material40" target="#ID205">
                            <bind_vertex_input semantic="UVSET0" input_semantic="TEXCOORD" input_set="0" />
                        </instance_material>
                        <instance_material symbol="Material41" target="#ID210">
                            <bind_vertex_input semantic="UVSET0" input_semantic="TEXCOORD" input_set="0" />
                        </instance_material>
                        <instance_material symbol="Material42" target="#ID215">
                            <bind_vertex_input semantic="UVSET0" input_semantic="TEXCOORD" input_set="0" />
                        </instance_material>
                        <instance_material symbol="Material43" target="#ID220">
                            <bind_vertex_input semantic="UVSET0" input_semantic="TEXCOORD" input_set="0" />
                        </instance_material>
                        <instance_material symbol="Material44" target="#ID225">
                            <bind_vertex_input semantic="UVSET0" input_semantic="TEXCOORD" input_set="0" />
                        </instance_material>
                        <instance_material symbol="Material45" target="#ID230">
                            <bind_vertex_input semantic="UVSET0" input_semantic="TEXCOORD" input_set="0" />
                        </instance_material>
                        <instance_material symbol="Material46" target="#ID235">
                            <bind_vertex_input semantic="UVSET0" input_semantic="TEXCOORD" input_set="0" />
                        </instance_material>
                        <instance_material symbol="Material47" target="#ID240">
                            <bind_vertex_input semantic="UVSET0" input_semantic="TEXCOORD" input_set="0" />
                        </instance_material>
                        <instance_material symbol="Material48" target="#ID245">
                            <bind_vertex_input semantic="UVSET0" input_semantic="TEXCOORD" input_set="0" />
                        </instance_material>
                        <instance_material symbol="Material49" target="#ID250">
                            <bind_vertex_input semantic="UVSET0" input_semantic="TEXCOORD" input_set="0" />
                        </instance_material>
                        <instance_material symbol="Material50" target="#ID255">
                            <bind_vertex_input semantic="UVSET0" input_semantic="TEXCOORD" input_set="0" />
                        </instance_material>
                        <instance_material symbol="Material51" target="#ID260">
                            <bind_vertex_input semantic="UVSET0" input_semantic="TEXCOORD" input_set="0" />
                        </instance_material>
                        <instance_material symbol="Material52" target="#ID265">
                            <bind_vertex_input semantic="UVSET0" input_semantic="TEXCOORD" input_set="0" />
                        </instance_material>
                        <instance_material symbol="Material53" target="#ID270">
                            <bind_vertex_input semantic="UVSET0" input_semantic="TEXCOORD" input_set="0" />
                        </instance_material>
                        <instance_material symbol="Material54" target="#ID275">
                            <bind_vertex_input semantic="UVSET0" input_semantic="TEXCOORD" input_set="0" />
                        </instance_material>
                        <instance_material symbol="Material55" target="#ID280">
                            <bind_vertex_input semantic="UVSET0" input_semantic="TEXCOORD" input_set="0" />
                        </instance_material>
                        <instance_material symbol="Material56" target="#ID285">
                            <bind_vertex_input semantic="UVSET0" input_semantic="TEXCOORD" input_set="0" />
                        </instance_material>
                        <instance_material symbol="Material57" target="#ID290">
                            <bind_vertex_input semantic="UVSET0" input_semantic="TEXCOORD" input_set="0" />
                        </instance_material>
                        <instance_material symbol="Material58" target="#ID295">
                            <bind_vertex_input semantic="UVSET0" input_semantic="TEXCOORD" input_set="0" />
                        </instance_material>
                        <instance_material symbol="Material59" target="#ID300">
                            <bind_vertex_input semantic="UVSET0" input_semantic="TEXCOORD" input_set="0" />
                        </instance_material>
                        <instance_material symbol="Material60" target="#ID305">
                            <bind_vertex_input semantic="UVSET0" input_semantic="TEXCOORD" input_set="0" />
                        </instance_material>
                        <instance_material symbol="Material61" target="#ID310">
                            <bind_vertex_input semantic="UVSET0" input_semantic="TEXCOORD" input_set="0" />
                        </instance_material>
                        <instance_material symbol="Material62" target="#ID315">
                            <bind_vertex_input semantic="UVSET0" input_semantic="TEXCOORD" input_set="0" />
                        </instance_material>
                        <instance_material symbol="Material63" target="#ID320">
                            <bind_vertex_input semantic="UVSET0" input_semantic="TEXCOORD" input_set="0" />
                        </instance_material>
                        <instance_material symbol="Material64" target="#ID325">
                            <bind_vertex_input semantic="UVSET0" input_semantic="TEXCOORD" input_set="0" />
                        </instance_material>
                        <instance_material symbol="Material65" target="#ID330">
                            <bind_vertex_input semantic="UVSET0" input_semantic="TEXCOORD" input_set="0" />
                        </instance_material>
                        <instance_material symbol="Material66" target="#ID335">
                            <bind_vertex_input semantic="UVSET0" input_semantic="TEXCOORD" input_set="0" />
                        </instance_material>
                        <instance_material symbol="Material67" target="#ID340">
                            <bind_vertex_input semantic="UVSET0" input_semantic="TEXCOORD" input_set="0" />
                        </instance_material>
                        <instance_material symbol="Material68" target="#ID345">
                            <bind_vertex_input semantic="UVSET0" input_semantic="TEXCOORD" input_set="0" />
                        </instance_material>
                        <instance_material symbol="Material69" target="#ID350">
                            <bind_vertex_input semantic="UVSET0" input_semantic="TEXCOORD" input_set="0" />
                        </instance_material>
                        <instance_material symbol="Material70" target="#ID355">
                            <bind_vertex_input semantic="UVSET0" input_semantic="TEXCOORD" input_set="0" />
                        </instance_material>
                        <instance_material symbol="Material71" target="#ID360">
                            <bind_vertex_input semantic="UVSET0" input_semantic="TEXCOORD" input_set="0" />
                        </instance_material>
                        <instance_material symbol="Material72" target="#ID365">
                            <bind_vertex_input semantic="UVSET0" input_semantic="TEXCOORD" input_set="0" />
                        </instance_material>
                        <instance_material symbol="Material73" target="#ID370">
                            <bind_vertex_input semantic="UVSET0" input_semantic="TEXCOORD" input_set="0" />
                        </instance_material>
                        <instance_material symbol="Material74" target="#ID375">
                            <bind_vertex_input semantic="UVSET0" input_semantic="TEXCOORD" input_set="0" />
                        </instance_material>
                        <instance_material symbol="Material75" target="#ID380">
                            <bind_vertex_input semantic="UVSET0" input_semantic="TEXCOORD" input_set="0" />
                        </instance_material>
                        <instance_material symbol="Material76" target="#ID385">
                            <bind_vertex_input semantic="UVSET0" input_semantic="TEXCOORD" input_set="0" />
                        </instance_material>
                        <instance_material symbol="Material77" target="#ID390">
                            <bind_vertex_input semantic="UVSET0" input_semantic="TEXCOORD" input_set="0" />
                        </instance_material>
                        <instance_material symbol="Material78" target="#ID395">
                            <bind_vertex_input semantic="UVSET0" input_semantic="TEXCOORD" input_set="0" />
                        </instance_material>
                        <instance_material symbol="Material79" target="#ID400">
                            <bind_vertex_input semantic="UVSET0" input_semantic="TEXCOORD" input_set="0" />
                        </instance_material>
                        <instance_material symbol="Material80" target="#ID405">
                            <bind_vertex_input semantic="UVSET0" input_semantic="TEXCOORD" input_set="0" />
                        </instance_material>
                        <instance_material symbol="Material81" target="#ID410">
                            <bind_vertex_input semantic="UVSET0" input_semantic="TEXCOORD" input_set="0" />
                        </instance_material>
                        <instance_material symbol="Material82" target="#ID415">
                            <bind_vertex_input semantic="UVSET0" input_semantic="TEXCOORD" input_set="0" />
                        </instance_material>
                        <instance_material symbol="Material83" target="#ID420">
                            <bind_vertex_input semantic="UVSET0" input_semantic="TEXCOORD" input_set="0" />
                        </instance_material>
                        <instance_material symbol="Material84" target="#ID425">
                            <bind_vertex_input semantic="UVSET0" input_semantic="TEXCOORD" input_set="0" />
                        </instance_material>
                        <instance_material symbol="Material85" target="#ID430">
                            <bind_vertex_input semantic="UVSET0" input_semantic="TEXCOORD" input_set="0" />
                        </instance_material>
                        <instance_material symbol="Material86" target="#ID435">
                            <bind_vertex_input semantic="UVSET0" input_semantic="TEXCOORD" input_set="0" />
                        </instance_material>
